%YAML:1.0
---
K: !!opencv-matrix
   rows: 3
   cols: 3
   dt: d
   data: [ 452.23010900489226, 0., 648.92461980953726, 0.,
       452.38492291084572, 465.28250991890576, 0., 0., 1. ]
D: !!opencv-matrix
   rows: 4
   cols: 1
   dt: d
   data: [ 0.020552574731471915, -0.10153933591540079,
       0.19114333778857406, -0.11347480564323434 ]
